// Fundamentals of Natural Computing: Basic Concepts, Algorithms, and Applications
// Author: Leandro Nunes de Castro, (c) CRC Press LLC, 2006

// Arquivo de entrada com os padrões
// Reconhecimento de caracteres: 8 caracteres de tamanho 120 (pixels) representados em coluna (Fig. 4.23)
// codificação bipolar das entradas

    -1    -1     1    -1    -1     1     1    -1
    -1    -1     1    -1     1     1     1    -1
    -1    -1     1     1     1     1     1    -1
    -1     1     1     1    -1     1     1    -1
    -1     1     1     1    -1     1     1     1
    -1     1     1     1    -1     1    -1     1
    -1     1     1     1    -1    -1    -1     1
    -1    -1     1     1     1    -1    -1     1
    -1    -1    -1    -1     1    -1    -1     1
    -1    -1    -1    -1    -1    -1    -1     1
    -1    -1     1    -1    -1     1     1    -1
    -1    -1     1    -1     1     1     1    -1
    -1    -1     1     1     1     1     1    -1
     1     1     1     1    -1     1     1    -1
     1     1     1     1    -1     1     1     1
     1     1     1     1    -1     1    -1     1
     1     1     1     1    -1    -1    -1     1
    -1    -1     1     1     1    -1    -1     1
    -1    -1    -1     1     1    -1    -1     1
    -1    -1    -1    -1    -1    -1    -1     1
    -1    -1    -1    -1    -1     1     1    -1
    -1    -1    -1    -1     1     1     1    -1
     1    -1    -1    -1     1    -1     1    -1
     1     1    -1    -1    -1    -1     1    -1
     1     1    -1    -1    -1    -1     1     1
     1     1    -1    -1    -1    -1    -1     1
     1     1     1    -1    -1    -1    -1    -1
     1    -1     1     1     1    -1    -1    -1
    -1    -1    -1     1     1    -1    -1     1
    -1    -1    -1    -1    -1    -1    -1     1
    -1    -1    -1    -1    -1     1     1    -1
     1    -1    -1    -1     1     1     1    -1
     1    -1    -1    -1     1    -1     1    -1
     1     1    -1    -1    -1    -1     1    -1
    -1     1    -1    -1    -1    -1     1     1
    -1     1    -1    -1    -1    -1    -1     1
     1     1     1    -1    -1    -1    -1    -1
     1    -1     1     1     1    -1    -1    -1
     1    -1    -1     1     1    -1    -1     1
    -1    -1    -1    -1    -1    -1    -1     1
    -1    -1    -1    -1    -1     1     1    -1
     1    -1    -1    -1     1     1     1    -1
     1    -1    -1    -1     1    -1     1    -1
     1     1    -1    -1    -1    -1     1    -1
    -1     1    -1    -1    -1    -1     1     1
    -1     1    -1    -1    -1    -1    -1     1
     1     1     1    -1    -1    -1    -1    -1
     1    -1     1     1     1    -1    -1    -1
     1    -1    -1     1     1    -1    -1     1
    -1    -1    -1    -1    -1    -1    -1     1
    -1    -1     1    -1    -1     1     1    -1
     1    -1     1    -1     1     1     1    -1
     1    -1     1    -1     1     1     1    -1
     1     1     1    -1     1     1     1    -1
    -1     1     1     1     1     1     1     1
    -1     1     1     1     1     1    -1     1
     1     1     1     1     1    -1    -1     1
     1    -1     1     1     1    -1    -1     1
     1    -1    -1    -1     1    -1    -1     1
    -1    -1    -1    -1    -1    -1    -1     1
    -1    -1     1    -1    -1     1    -1    -1
     1    -1     1    -1     1     1    -1    -1
     1    -1     1    -1     1     1    -1    -1
     1     1     1    -1     1     1    -1    -1
    -1     1     1     1     1     1    -1     1
    -1     1     1     1     1     1    -1     1
     1     1     1     1     1    -1    -1     1
     1    -1     1     1     1    -1    -1     1
     1    -1    -1    -1     1    -1    -1     1
    -1    -1    -1    -1    -1    -1    -1     1
    -1    -1     1    -1    -1     1    -1    -1
     1    -1     1    -1    -1     1    -1    -1
     1    -1    -1    -1    -1    -1    -1    -1
     1     1    -1    -1    -1    -1    -1    -1
    -1     1    -1    -1    -1     1    -1    -1
    -1     1    -1    -1    -1     1    -1    -1
     1     1    -1    -1    -1    -1    -1    -1
     1    -1    -1     1     1    -1    -1    -1
     1    -1    -1     1     1    -1    -1     1
    -1    -1    -1    -1    -1    -1    -1     1
    -1    -1     1    -1    -1     1    -1    -1
     1    -1     1    -1    -1     1    -1    -1
     1    -1    -1    -1    -1    -1    -1    -1
     1     1    -1    -1    -1    -1    -1    -1
    -1     1    -1    -1    -1     1    -1    -1
    -1     1    -1    -1    -1     1    -1    -1
     1     1    -1    -1    -1    -1    -1    -1
     1    -1    -1     1     1    -1    -1    -1
     1    -1    -1     1     1    -1    -1     1
    -1    -1    -1    -1    -1    -1    -1     1
    -1    -1     1    -1    -1     1    -1    -1
    -1    -1     1    -1    -1     1    -1    -1
     1    -1    -1    -1    -1    -1    -1    -1
     1     1    -1    -1    -1    -1    -1    -1
     1     1    -1    -1    -1     1    -1    -1
     1     1    -1    -1    -1     1    -1    -1
     1     1    -1    -1    -1    -1    -1    -1
     1    -1    -1     1     1    -1    -1    -1
    -1    -1    -1     1     1    -1    -1     1
    -1    -1    -1    -1    -1    -1    -1     1
    -1    -1     1    -1    -1     1    -1    -1
    -1    -1     1    -1    -1     1    -1    -1
    -1    -1     1     1    -1     1    -1    -1
     1     1     1     1    -1     1    -1    -1
     1     1     1     1    -1     1    -1     1
     1     1     1     1    -1     1    -1     1
     1     1     1     1    -1    -1    -1     1
    -1    -1     1     1     1    -1    -1     1
    -1    -1    -1     1     1    -1    -1     1
    -1    -1    -1    -1    -1    -1    -1     1
    -1    -1     1    -1    -1     1    -1    -1
    -1    -1     1    -1    -1     1    -1    -1
    -1    -1     1     1    -1     1    -1    -1
    -1     1     1     1    -1     1    -1    -1
    -1     1     1     1    -1     1    -1     1
    -1     1     1     1    -1     1    -1     1
    -1     1     1     1    -1    -1    -1     1
    -1    -1     1     1     1    -1    -1     1
    -1    -1    -1    -1     1    -1    -1     1
    -1    -1    -1    -1    -1    -1    -1     1
